sigma_inverse1 =

    18.9662   -13.7468    -6.9600    -2.6396
   -13.7468    19.0060     6.5794   -12.0399
    -6.9600     6.5794    39.2173   -18.1811
    -2.6396   -12.0399   -18.1811   130.2149

sigma_inverse2 =

    9.1333   -4.0764   -9.5825    9.6029
   -4.0764   17.7118    3.6187  -19.9034
   -9.5825    3.6187   23.0046  -31.5447
    9.6029  -19.9034  -31.5447   86.5060

sigma_inverse3 =

   12.0677   -4.8892  -12.1082    4.3864
   -4.8892   14.8211    3.0037   -8.2567
  -12.1082    3.0037   15.7867   -6.1219
    4.3864   -8.2567   -6.1219   20.4719

denom1 =  20.072
denom2 =  5.2859
denom3 =  2.1198
posterior_p1 =

   4.346362   0.425466  -0.977114  -0.154134   1.316988  -0.484799  -0.860643  -0.549008  -1.697022  -1.298330
   0.425466   1.647667   0.242977  -0.342606   0.295254  -2.134718   1.068083  -0.518601   0.268029  -0.960153
  -0.977114   0.242977   2.456422  -0.089612   0.307253  -0.110030  -0.580626  -2.438031   1.037362   0.147833
  -0.154134  -0.342606  -0.089612   5.711182  -1.786941  -0.516957  -0.954483  -0.421812  -0.748384  -0.495671
   1.316988   0.295254   0.307253  -1.786941   1.997826  -0.133790  -1.585349  -0.414880  -0.250323   0.236596
  -0.484799  -2.134718  -0.110030  -0.516957  -0.133790   5.485954  -0.093832  -0.463306  -0.617305  -0.925587
  -0.860643   1.068083  -0.580626  -0.954483  -1.585349  -0.093832   5.208112  -0.539481  -1.183322  -0.554438
  -0.549008  -0.518601  -2.438031  -0.421812  -0.414880  -0.463306  -0.539481   5.089945   0.386878  -0.174447
  -1.697022   0.268029   1.037362  -0.748384  -0.250323  -0.617305  -1.183322   0.386878   4.221351  -1.480853
  -1.298330  -0.960153   0.147833  -0.495671   0.236596  -0.925587  -0.554438  -0.174447  -1.480853   5.452102

posterior_p2 =

 Columns 1 through 9:

   0.8220631  -0.1805406  -0.1282396  -0.3133807  -0.4704895  -0.0409764  -0.1519887   0.1967351   0.3982790
  -0.1805406   1.2917448  -0.1616719   0.2378665  -0.1920696  -0.3087874  -0.2763175  -0.3991574   0.2146096
  -0.1282396  -0.1616719   1.2730998  -0.2493732  -0.1402543   0.1285889   0.0084155  -0.4373388  -0.1607075
  -0.3133807   0.2378665  -0.2493732   0.9637282  -0.2051540   0.0967324   0.0058780   0.1583688  -0.6051235
  -0.4704895  -0.1920696  -0.1402543  -0.2051540   1.4710696  -0.1470311  -0.1812348  -0.0300167   0.0610069
  -0.0409764  -0.3087874   0.1285889   0.0967324  -0.1470311   1.1950034  -0.4065952  -0.0976918  -0.1730814
  -0.1519887  -0.2763175   0.0084155   0.0058780  -0.1812348  -0.4065952   1.4444351  -0.1191485  -0.1032604
   0.1967351  -0.3991574  -0.4373388   0.1583688  -0.0300167  -0.0976918  -0.1191485   1.0313220  -0.1040726
   0.3982790   0.2146096  -0.1607075  -0.6051235   0.0610069  -0.1730814  -0.1032604  -0.1040726   0.6282478
  -0.1323073  -0.2243406  -0.1327759  -0.0909619  -0.1636717  -0.2496955  -0.2196514  -0.1996221  -0.1547621

 Column 10:

  -0.1323073
  -0.2243406
  -0.1327759
  -0.0909619
  -0.1636717
  -0.2496955
  -0.2196514
  -0.1996221
  -0.1547621
   1.5693230

posterior_p3 =

 Columns 1 through 9:

   0.5912359  -0.0427010  -0.0377926  -0.1589833  -0.1174638  -0.0592798  -0.0503221  -0.0538458  -0.0490076
  -0.0427010   0.3133702   0.1428369   0.0561005  -0.0326933  -0.2360125  -0.0710241  -0.1543917  -0.0121133
  -0.0377926   0.1428369   0.3885899  -0.0477923   0.0036286   0.0260455  -0.2095786  -0.0342624  -0.0411081
  -0.1589833   0.0561005  -0.0477923   0.4407978  -0.1794174  -0.0061445   0.0013883  -0.0182512  -0.0759930
  -0.1174638  -0.0326933   0.0036286  -0.1794174   0.5382366  -0.0369410   0.0699865  -0.0434477  -0.1543259
  -0.0592798  -0.2360125   0.0260455  -0.0061445  -0.0369410   0.5448637  -0.1120087  -0.1155764  -0.0013934
  -0.0503221  -0.0710241  -0.2095786   0.0013883   0.0699865  -0.1120087   0.3307150  -0.0940361   0.1744444
  -0.0538458  -0.1543917  -0.0342624  -0.0182512  -0.0434477  -0.1155764  -0.0940361   0.6106386  -0.0454577
  -0.0490076  -0.0121133  -0.0411081  -0.0759930  -0.1543259  -0.0013934   0.1744444  -0.0454577   0.3843497
  -0.0206739   0.0364502  -0.1900244  -0.0121517  -0.0463417  -0.0028318  -0.0393813  -0.0529000  -0.1791727

 Column 10:

  -0.0206739
   0.0364502
  -0.1900244
  -0.0121517
  -0.0463417
  -0.0028318
  -0.0393813
  -0.0529000
  -0.1791727
   0.5051434

